#Date 0 0 0 0
2003-01-01 0 122 48 61
2003-01-29 173 138 214 97
2003-02-26 367 142 275 101
2003-03-26 540 289 354 298
2003-04-23 707 807 390 311
2003-05-21 940 1327 428 327
2003-06-18 1139 1446 452 477
2003-07-16 1291 1679 496 545
2003-08-13 1458 1761 632 586
2003-09-10 2070 1871 678 613
2003-10-08 2523 2013 750 1024
2003-11-05 2731 2167 821 1376
2003-12-03 2909 2242 861 1498
2003-12-31 3088 2242 861 1498
2004-01-01 3088 2288 911 4045
2004-01-29 3356 2463 992 4094
2004-02-26 3699 2564 1037 4145
2004-03-25 4023 2658 1114 4209
2004-04-22 4363 5444 1180 4241
2004-05-20 4690 5480 1262 4282
2004-06-17 5022 5573 1325 4325
2004-07-15 5349 5691 1393 4343
2004-08-12 5682 5754 1454 4486
2004-09-09 6000 5795 1516 4517
2004-10-07 6385 5897 1579 4537
2004-11-04 6746 5942 1710 4595
2004-12-02 7115 6031 1755 4626
2004-12-30 7582 6031 1755 4626
2005-01-01 7582 6083 1815 4661
2005-01-29 7917 6890 1884 4681
2005-02-26 8264 7372 2610 7107
2005-03-26 8856 7494 2741 7177
2005-04-23 9236 7630 2852 7204
2005-05-21 12141 7730 2891 7243
2005-06-18 12537 8622 2940 7625
2005-07-16 12831 8668 2994 7652
2005-08-13 13511 8702 3037 7676
2005-09-10 13849 8756 3094 7749
2005-10-08 14199 8794 3126 7814
2005-11-05 15054 8905 3178 7866
2005-12-03 15479 8943 3221 7890
2005-12-31 15832 8943 3221 7890
2006-01-01 15832 9414 3435 7928
2006-01-29 16240 9615 3491 7981
2006-02-26 16679 9655 3533 8004
2006-03-26 17124 9684 3591 8030
2006-04-23 17582 9740 3701 8073
2006-05-21 18027 9790 3729 8104
2006-06-18 18470 9873 3789 8133
2006-07-16 18887 9958 3842 8150
2006-08-13 19282 9996 3866 8179
2006-09-10 19671 10041 3898 8240
2006-10-08 20340 10059 3940 8273
2006-11-05 21434 10086 3987 8316
2006-12-03 21959 10127 4035 8358
2006-12-31 22387 10127 4035 8358
2007-01-01 22387 10196 4077 8421
2007-01-29 22756 11167 4127 8468
2007-02-26 23211 11576 4162 8708
2007-03-26 23720 11598 4208 8772
2007-04-23 24236 11618 4246 8802
2007-05-21 24724 11680 4279 9030
2007-06-18 25236 12304 4295 9082
2007-07-16 25671 12314 4388 9187
2007-08-13 26115 12348 4473 9261
2007-09-10 26540 12385 4512 9345
2007-10-08 27085 12483 4553 9405
2007-11-05 27556 12539 4585 9472
2007-12-03 28039 12551 4630 9552
2007-12-31 28468 12551 4630 9552
2008-01-01 28468 12566 4691 9614
2008-01-29 28899 12586 4729 9663
2008-02-26 29449 12609 4789 9898
2008-03-25 29988 12619 4855 9929
2008-04-22 30726 12641 4886 9977
2008-05-20 31232 12663 4918 10023
2008-06-17 31793 12684 4947 10137
2008-07-15 32329 12690 4987 10239
2008-08-12 32836 12697 5016 10354
2008-09-09 33308 12884 5046 10401
2008-10-07 33850 12899 5090 10466
2008-11-04 37620 12915 5122 10516
2008-12-02 38156 12940 5149 10568
2008-12-30 38646 12940 5149 10568
2009-01-01 38646 12949 5164 10691
2009-01-29 39075 13026 5178 10756
2009-02-26 39651 13200 5213 10827
2009-03-26 40187 13238 5242 10902
2009-04-23 40720 13238 5242 10902
