1       65849   759792816
2       6258    68926314
3       2633    58905280
4       1934    46556556
5       5612    38912924
6       1873    32626649
7       1148    31320040
8       1615    28522130
9       2441    27334687
10      689     19939341
11      5762    17822159
12      708     13448168
13      791     13324288
14      760     11580416
15      1198    11280533
16      511     8921568
17      560     7937424
18      262     7591936
19      630     7307018
20      972     5911712
21      618     5762180
22      1261    5621473
23      317     5405664
24      1059    5275520
25      196     4169984
26      566     3828620
27      175     3796224
28      273     3721216
29      235     3182400
30      1931    2943040
31      687     2707383
32      213     2560800
33      231     2232576
34      136     2142210
35      834     2098161
36      1477    2017448
37      311     1993024
38      559     1877060
39      203     1684224
40      151     1438592
41      59      1425928
42      80      1326976
43      134     1207808
44      830     1170560
45      188     840960
46      328     837632
47      453     794368
48      66      755328
49      37      746496
50      231     722944
51      994     667136
52      430     575232
53      75      491776
54      96      462720
55      38      457728
56      144     444160
57      85      440320
58      456     413184
59      28      405760
60      20      398336
61      244     364653
62      26      302336
63      32      298752
64      114     280576
65      117     279192
66      32      263424
67      18      262144
68      119     186368
69      464     184064
70      27      181504
71      68      167936
72      19      158208
73      40      157184
74      39      150272
75      33      146688
76      62      134144
77      34      131200
78      1       131072
79      83      115776
80      22      111104
81      40      110848
82      14      109312
83      54      93952
84      27      93696
85      71      84992
86      20      81408
87      6       78080
88      19      76032
89      30      76032
90      6       74752
91      66      70144
92      54      66048
93      146     65024
94      83      64768
95      53      57344
96      21      56320
97      10      46080
98      48      45824
99      27      42240
100     53      41216
101     39      40960
102     12      40448
103     50      39936
104     7       38912
105     9       38912
106     51      37888
107     8       37120
108     26      32512
109     47      29440
110     7       27904
111     23      25856
112     36      25856
113     5       22528
114     10      22016
115     21      21248
116     14      20480
117     8       20480
118     16      19712
119     4       16640
120     2       16384
121     4       16384
122     3       16384
123     2       16384
124     3       16384
125     8       15360
126     59      15104
127     5       13824
128     6       13312
129     4       12800
130     4       10496
131     6       10496
132     2       10240
133     11      10240
134     3       9472
135     5       9216
136     5       8960
137     2       8448
138     1       8192
139     1       8192
140     1       8192
141     25      8192
142     1       8192
143     17      8192
144     1       8192
145     1       8192
146     1       8192
147     1       8192
148     27      6912
149     5       6656
150     2       6144
151     5       5376
152     4       4608
153     1       4096
154     1       4096
155     1       4096
156     1       4096
157     1       4096
158     1       4096
159     1       4096
160     1       4096
161     10      2560
162     6       2304
163     8       2048
164     1       2048
165     7       1600
166     5       1280
167     1       1024
168     4       1024
169     1       1024
170     2       512
171     2       512
172     2       512
173     1       256

