1       115780  1170481177
2       13188   223990021
3       4674    173789965
4       4937    87825582
5       4035    84904642
6       14308   84553300
7       5269    63871082
8       2511    61070996
9       8328    57471348
10      4643    40429504
11      11329   37818072
12      3393    37265411
13      2511    36623744
14      1686    32551268
15      1883    27122689
16      8650    26664224
17      1989    25315136
18      3648    19583832
19      1942    18532345
20      11022   17575040
21      2341    15122881
22      3459    14764300
23      1940    14309632
24      1218    12969116
25      4142    9721411
26      1010    9514496
27      1230    9244448
28      569     9239192
29      572     8791684
30      469     8691972
31      928     8553776
32      501     7820065
33      788     7593619
34      5729    7348881
35      2039    7210800
36      1089    6755072
37      723     6526144
38      2375    6101376
39      306     5797162
40      3028    5547136
41      3562    5248256
42      270     5245248
43      1641    4976384
44      3029    4901340
45      1487    4845056
46      586     4602112
47      1929    4576384
48      325     4539392
49      3325    4439040
50      616     4159428
51      2992    3854848
52      600     3727856
53      627     3015680
54      569     2600192
55      466     2237184
56      285     2056960
57      201     1970592
58      444     1913856
59      115     1708544
60      194     1513472
61      653     1496064
62      607     1463040
63      341     1449408
64      283     1344001
65      32      1232896
66      322     1212160
67      1760    1211648
68      1564    1084836
69      167     1081600
70      713     1060864
71      83      1017600
72      443     885761
73      418     833280
74      537     733952
75      585     718848
76      171     704768
77      299     693760
78      347     606208
79      165     570368
80      46      537344
81      106     531204
82      281     508320
83      57      506880
84      360     503552
85      225     455680
86      198     429056
87      96      413953
88      165     405504
89      567     385024
90      108     375552
91      288     361984
92      130     357376
93      445     351492
94      530     344832
95      7       344064
96      298     342528
97      119     290304
98      246     286208
99      31      281856
100     177     269312
101     53      257792
102     26      232704
103     94      228608
104     31      206080
105     132     204032
106     94      200448
107     26      198912
108     97      188928
109     210     183552
110     156     182016
111     265     180736
112     69      172800
113     8       168960
114     23      159744
115     254     156928
116     122     156416
117     16      147968
118     48      143104
119     54      143104
120     143     138496
121     40      122112
122     122     121600
123     66      121600
124     137     118272
125     314     111872
126     44      107520
127     15      104704
128     46      102144
129     15      100352
130     62      94976
131     9       92672
132     26      91648
133     150     88064
134     31      86784
135     55      82944
136     67      75008
137     37      71168
138     51      69120
139     60      59648
140     17      58112
141     18      56320
142     18      52992
143     47      49408
144     27      49152
145     17      48896
146     45      48640
147     97      46592
148     35      45568
149     13      36864
150     18      36352
151     33      35840
152     33      34816
153     7       33792
154     26      32768
155     11      31744
156     68      31232
157     21      30528
158     107     30464
159     11      27648
160     29      27392
161     9       26624
162     10      26368
163     6       25088
164     2       24576
165     13      23552
166     26      23040
167     22      22528
168     12      21504
169     10      20736
170     8       20224
171     25      18432
172     3       18432
173     8       17664
174     7       17408
175     5       16640
176     5       15424
177     7       13568
178     14      12288
179     48      12288
180     11      12288
181     9       12288
182     26      10496
183     13      9728
184     18      9216
185     1       8192
186     2       8192
187     1       8192
188     3       8192
189     6       8192
190     16      7680
191     3       7168
192     3       6400
193     2       6144
194     16      5888
195     22      5632
196     5       5376
197     5       5120
198     2       4096
199     2       4096
200     16      4096
201     1       4096
202     9       3840
203     5       3328
204     2       3072
205     2       3072
206     8       2816
207     4       2560
208     1       2048
209     1       2048
210     8       2048
211     4       2048
212     4       1792
213     6       1536
214     6       1536
215     4       1280
216     1       1024
217     4       1024
218     1       1024
219     4       1024
220     1       1024

