1       65849   759792816
2       6258    68926314
3       5762    17822159
4       5612    38912924
5       2633    58905280
6       2441    27334687
7       1934    46556556
8       1931    2943040
9       1873    32626649
10      1615    28522130
11      1477    2017448
12      1261    5621473
13      1198    11280533
14      1148    31320040
15      1059    5275520
16      994     667136
17      972     5911712
18      834     2098161
19      830     1170560
20      791     13324288
21      760     11580416
22      708     13448168
23      689     19939341
24      687     2707383
25      630     7307018
26      618     5762180
27      566     3828620
28      560     7937424
29      559     1877060
30      511     8921568
31      464     184064
32      456     413184
33      453     794368
34      430     575232
35      328     837632
36      317     5405664
37      311     1993024
38      273     3721216
39      262     7591936
40      244     364653
41      235     3182400
42      231     722944
43      231     2232576
44      213     2560800
45      203     1684224
46      196     4169984
47      188     840960
48      175     3796224
49      151     1438592
50      146     65024
51      144     444160
52      136     2142210
53      134     1207808
54      119     186368
55      117     279192
56      114     280576
57      96      462720
58      85      440320
59      83      64768
60      83      115776
61      80      1326976
62      75      491776
63      71      84992
64      68      167936
65      66      70144
66      66      755328
67      62      134144
68      59      1425928
69      59      15104
70      54      93952
71      54      66048
72      53      57344
73      53      41216
74      51      37888
75      50      39936
76      48      45824
77      47      29440
78      40      110848
79      40      157184
80      39      40960
81      39      150272
82      38      457728
83      37      746496
84      36      25856
85      34      131200
86      33      146688
87      32      298752
88      32      263424
89      30      76032
90      28      405760
91      27      6912
92      27      93696
93      27      181504
94      27      42240
95      26      302336
96      26      32512
97      25      8192
98      23      25856
99      22      111104
100     21      21248
101     21      56320
102     20      398336
103     20      81408
104     19      158208
105     19      76032
106     18      262144
107     17      8192
108     16      19712
109     14      20480
110     14      109312
111     12      40448
112     11      10240
113     10      2560
114     10      46080
115     10      22016
116     9       38912
117     8       15360
118     8       2048
119     8       37120
120     8       20480
121     7       1600
122     7       27904
123     7       38912
124     6       2304
125     6       10496
126     6       74752
127     6       78080
128     6       13312
129     5       22528
130     5       8960
131     5       6656
132     5       1280
133     5       5376
134     5       9216
135     5       13824
136     4       12800
137     4       16384
138     4       16640
139     4       1024
140     4       10496
141     4       4608
142     3       9472
143     3       16384
144     3       16384
145     2       6144
146     2       16384
147     2       16384
148     2       512
149     2       512
150     2       8448
151     2       512
152     2       10240
153     1       4096
154     1       8192
155     1       8192
156     1       8192
157     1       8192
158     1       4096
159     1       2048
160     1       4096
161     1       4096
162     1       4096
163     1       1024
164     1       4096
165     1       8192
166     1       256
167     1       8192
168     1       8192
169     1       4096
170     1       8192
171     1       4096
172     1       1024
173     1       131072

