1       115780  1170481177
2       14308   84553300
3       13188   223990021
4       11329   37818072
5       11022   17575040
6       8650    26664224
7       8328    57471348
8       5729    7348881
9       5269    63871082
10      4937    87825582
11      4674    173789965
12      4643    40429504
13      4142    9721411
14      4035    84904642
15      3648    19583832
16      3562    5248256
17      3459    14764300
18      3393    37265411
19      3325    4439040
20      3029    4901340
21      3028    5547136
22      2992    3854848
23      2511    61070996
24      2511    36623744
25      2375    6101376
26      2341    15122881
27      2039    7210800
28      1989    25315136
29      1942    18532345
30      1940    14309632
31      1929    4576384
32      1883    27122689
33      1760    1211648
34      1686    32551268
35      1641    4976384
36      1564    1084836
37      1487    4845056
38      1230    9244448
39      1218    12969116
40      1089    6755072
41      1010    9514496
42      928     8553776
43      788     7593619
44      723     6526144
45      713     1060864
46      653     1496064
47      627     3015680
48      616     4159428
49      607     1463040
50      600     3727856
51      586     4602112
52      585     718848
53      572     8791684
54      569     2600192
55      569     9239192
56      567     385024
57      537     733952
58      530     344832
59      501     7820065
60      469     8691972
61      466     2237184
62      445     351492
63      444     1913856
64      443     885761
65      418     833280
66      360     503552
67      347     606208
68      341     1449408
69      325     4539392
70      322     1212160
71      314     111872
72      306     5797162
73      299     693760
74      298     342528
75      288     361984
76      285     2056960
77      283     1344001
78      281     508320
79      270     5245248
80      265     180736
81      254     156928
82      246     286208
83      225     455680
84      210     183552
85      201     1970592
86      198     429056
87      194     1513472
88      177     269312
89      171     704768
90      167     1081600
91      165     405504
92      165     570368
93      156     182016
94      150     88064
95      143     138496
96      137     118272
97      132     204032
98      130     357376
99      122     121600
100     122     156416
101     119     290304
102     115     1708544
103     108     375552
104     107     30464
105     106     531204
106     97      188928
107     97      46592
108     96      413953
109     94      228608
110     94      200448
111     83      1017600
112     69      172800
113     68      31232
114     67      75008
115     66      121600
116     62      94976
117     60      59648
118     57      506880
119     55      82944
120     54      143104
121     53      257792
122     51      69120
123     48      12288
124     48      143104
125     47      49408
126     46      102144
127     46      537344
128     45      48640
129     44      107520
130     40      122112
131     37      71168
132     35      45568
133     33      34816
134     33      35840
135     32      1232896
136     31      206080
137     31      86784
138     31      281856
139     29      27392
140     27      49152
141     26      91648
142     26      198912
143     26      32768
144     26      10496
145     26      23040
146     26      232704
147     25      18432
148     23      159744
149     22      5632
150     22      22528
151     21      30528
152     18      56320
153     18      36352
154     18      52992
155     18      9216
156     17      58112
157     17      48896
158     16      7680
159     16      5888
160     16      4096
161     16      147968
162     15      104704
163     15      100352
164     14      12288
165     13      36864
166     13      9728
167     13      23552
168     12      21504
169     11      31744
170     11      12288
171     11      27648
172     10      20736
173     10      26368
174     9       92672
175     9       12288
176     9       26624
177     9       3840
178     8       2048
179     8       17664
180     8       20224
181     8       168960
182     8       2816
183     7       33792
184     7       13568
185     7       17408
186     7       344064
187     6       25088
188     6       8192
189     6       1536
190     6       1536
191     5       3328
192     5       5120
193     5       16640
194     5       15424
195     5       5376
196     4       1792
197     4       1280
198     4       1024
199     4       1024
200     4       2048
201     4       2560
202     3       18432
203     3       8192
204     3       7168
205     3       6400
206     2       4096
207     2       6144
208     2       4096
209     2       8192
210     2       3072
211     2       24576
212     2       3072
213     1       1024
214     1       1024
215     1       8192
216     1       8192
217     1       1024
218     1       4096
219     1       2048
220     1       2048

