#Date	Prefix	#allocations	#ipSpace	ratio
2003-01-01	1	0	0	0
2003-01-01	2	0	0	0
2003-01-01	3	0	0	0
2003-01-01	4	0	0	0
2003-01-01	5	0	0	0
2003-01-01	6	0	0	0
2003-01-01	7	0	0	0
2003-01-01	8	43	721420288	16777216
2003-01-01	9	4	33554432	8388608
2003-01-01	10	11	46137344	4194304
2003-01-01	11	22	46137344	2097152
2003-01-01	12	48	50331648	1048576
2003-01-01	13	128	67108864	524288
2003-01-01	14	342	89653248	262144
2003-01-01	15	440	57671680	131072
2003-01-01	16	9116	597426176	65536
2003-01-01	17	996	32636928	32768
2003-01-01	18	1832	30015488	16384
2003-01-01	19	5401	44244992	8192
2003-01-01	20	4046	16572416	4096
2003-01-01	21	1463	2996224	2048
2003-01-01	22	2242	2295808	1024
2003-01-01	23	2762	1414144	512
2003-01-01	24	25235	6460160	256
2003-01-01	25	8	1024	128
2003-01-01	26	5	320	64
2003-01-01	27	3	96	32
2003-01-01	28	6	96	16
2003-01-01	29	5	40	8
2003-01-01	30	0	0	0
2003-01-01	31	1	2	2
2003-01-01	32	1	1	1

2004-01-01	1	0	0	0
2004-01-01	2	0	0	0
2004-01-01	3	0	0	0
2004-01-01	4	0	0	0
2004-01-01	5	0	0	0
2004-01-01	6	0	0	0
2004-01-01	7	0	0	0
2004-01-01	8	43	721420288	16777216
2004-01-01	9	3	25165824	8388608
2004-01-01	10	10	41943040	4194304
2004-01-01	11	29	60817408	2097152
2004-01-01	12	73	76546048	1048576
2004-01-01	13	160	83886080	524288
2004-01-01	14	365	95682560	262144
2004-01-01	15	509	66715648	131072
2004-01-01	16	9428	617873408	65536
2004-01-01	17	1162	38076416	32768
2004-01-01	18	2119	34717696	16384
2004-01-01	19	5868	48070656	8192
2004-01-01	20	4807	19689472	4096
2004-01-01	21	1765	3614720	2048
2004-01-01	22	2995	3066880	1024
2004-01-01	23	3966	2030592	512
2004-01-01	24	30609	7835904	256
2004-01-01	25	49	6272	128
2004-01-01	26	30	1920	64
2004-01-01	27	30	960	32
2004-01-01	28	16	256	16
2004-01-01	29	6	48	8
2004-01-01	30	2	8	4
2004-01-01	31	1	2	2
2004-01-01	32	1	1	1

2005-01-01	1	0	0	0
2005-01-01	2	0	0	0
2005-01-01	3	0	0	0
2005-01-01	4	0	0	0
2005-01-01	5	0	0	0
2005-01-01	6	0	0	0
2005-01-01	7	0	0	0
2005-01-01	8	43	721420288	16777216
2005-01-01	9	3	25165824	8388608
2005-01-01	10	13	54525952	4194304
2005-01-01	11	26	54525952	2097152
2005-01-01	12	79	82837504	1048576
2005-01-01	13	202	105906176	524288
2005-01-01	14	442	115867648	262144
2005-01-01	15	618	81002496	131072
2005-01-01	16	9652	632553472	65536
2005-01-01	17	1391	45580288	32768
2005-01-01	18	2437	39927808	16384
2005-01-01	19	6702	54902784	8192
2005-01-01	20	5718	23420928	4096
2005-01-01	21	2200	4505600	2048
2005-01-01	22	3703	3791872	1024
2005-01-01	23	4709	2411008	512
2005-01-01	24	31028	7943168	256
2005-01-01	25	61	7808	128
2005-01-01	26	36	2304	64
2005-01-01	27	36	1152	32
2005-01-01	28	15	240	16
2005-01-01	29	6	48	8
2005-01-01	30	2	8	4
2005-01-01	31	1	2	2
2005-01-01	32	0	0	0

2006-01-01	1	0	0	0
2006-01-01	2	0	0	0
2006-01-01	3	0	0	0
2006-01-01	4	0	0	0
2006-01-01	5	0	0	0
2006-01-01	6	0	0	0
2006-01-01	7	0	0	0
2006-01-01	8	44	738197504	16777216
2006-01-01	9	4	33554432	8388608
2006-01-01	10	16	67108864	4194304
2006-01-01	11	42	88080384	2097152
2006-01-01	12	101	105906176	1048576
2006-01-01	13	244	127926272	524288
2006-01-01	14	478	125304832	262144
2006-01-01	15	703	92143616	131072
2006-01-01	16	9783	641138688	65536
2006-01-01	17	1571	51478528	32768
2006-01-01	18	2746	44990464	16384
2006-01-01	19	7269	59547648	8192
2006-01-01	20	6342	25976832	4096
2006-01-01	21	2779	5691392	2048
2006-01-01	22	4236	4337664	1024
2006-01-01	23	5432	2781184	512
2006-01-01	24	32036	8201216	256
2006-01-01	25	65	8320	128
2006-01-01	26	43	2752	64
2006-01-01	27	39	1248	32
2006-01-01	28	15	240	16
2006-01-01	29	8	64	8
2006-01-01	30	2	8	4
2006-01-01	31	0	0	0
2006-01-01	32	0	0	0

2007-01-01	1	0	0	0
2007-01-01	2	0	0	0
2007-01-01	3	0	0	0
2007-01-01	4	0	0	0
2007-01-01	5	0	0	0
2007-01-01	6	0	0	0
2007-01-01	7	0	0	0
2007-01-01	8	44	738197504	16777216
2007-01-01	9	5	41943040	8388608
2007-01-01	10	17	71303168	4194304
2007-01-01	11	54	113246208	2097152
2007-01-01	12	138	144703488	1048576
2007-01-01	13	274	143654912	524288
2007-01-01	14	560	146800640	262144
2007-01-01	15	828	108527616	131072
2007-01-01	16	9993	654901248	65536
2007-01-01	17	1784	58458112	32768
2007-01-01	18	3097	50741248	16384
2007-01-01	19	7852	64323584	8192
2007-01-01	20	7162	29335552	4096
2007-01-01	21	3606	7385088	2048
2007-01-01	22	4868	4984832	1024
2007-01-01	23	6079	3112448	512
2007-01-01	24	33975	8697600	256
2007-01-01	25	92	11776	128
2007-01-01	26	49	3136	64
2007-01-01	27	45	1440	32
2007-01-01	28	16	256	16
2007-01-01	29	10	80	8
2007-01-01	30	2	8	4
2007-01-01	31	2	4	2
2007-01-01	32	0	0	0

2008-01-01	1	0	0	0
2008-01-01	2	0	0	0
2008-01-01	3	0	0	0
2008-01-01	4	0	0	0
2008-01-01	5	0	0	0
2008-01-01	6	0	0	0
2008-01-01	7	0	0	0
2008-01-01	8	44	738197504	16777216
2008-01-01	9	4	33554432	8388608
2008-01-01	10	25	104857600	4194304
2008-01-01	11	74	155189248	2097152
2008-01-01	12	160	167772160	1048576
2008-01-01	13	308	161480704	524288
2008-01-01	14	640	167772160	262144
2008-01-01	15	966	126615552	131072
2008-01-01	16	10107	662372352	65536
2008-01-01	17	1987	65110016	32768
2008-01-01	18	3406	55803904	16384
2008-01-01	19	8349	68395008	8192
2008-01-01	20	8006	32792576	4096
2008-01-01	21	4711	9648128	2048
2008-01-01	22	5734	5871616	1024
2008-01-01	23	6865	3514880	512
2008-01-01	24	35792	9162752	256
2008-01-01	25	95	12160	128
2008-01-01	26	58	3712	64
2008-01-01	27	50	1600	32
2008-01-01	28	16	256	16
2008-01-01	29	10	80	8
2008-01-01	30	2	8	4
2008-01-01	31	2	4	2
2008-01-01	32	0	0	0

2009-01-01	1	0	0	0
2009-01-01	2	0	0	0
2009-01-01	3	0	0	0
2009-01-01	4	0	0	0
2009-01-01	5	0	0	0
2009-01-01	6	0	0	0
2009-01-01	7	0	0	0
2009-01-01	8	44	738197504	16777216
2009-01-01	9	5	41943040	8388608
2009-01-01	10	33	138412032	4194304
2009-01-01	11	83	174063616	2097152
2009-01-01	12	184	192937984	1048576
2009-01-01	13	367	192413696	524288
2009-01-01	14	739	193724416	262144
2009-01-01	15	1096	143654912	131072
2009-01-01	16	10301	675086336	65536
2009-01-01	17	2214	72548352	32768
2009-01-01	18	3743	61325312	16384
2009-01-01	19	8811	72179712	8192
2009-01-01	20	8747	35827712	4096
2009-01-01	21	5880	12042240	2048
2009-01-01	22	6756	6918144	1024
2009-01-01	23	7677	3930624	512
2009-01-01	24	39784	10184704	256
2009-01-01	25	94	12032	128
2009-01-01	26	73	4672	64
2009-01-01	27	62	1984	32
2009-01-01	28	21	336	16
2009-01-01	29	13	104	8
2009-01-01	30	0	0	0
2009-01-01	31	0	0	0
2009-01-01	32	0	0	0

2009-04-23	1	0	0	0
2009-04-23	2	0	0	0
2009-04-23	3	0	0	0
2009-04-23	4	0	0	0
2009-04-23	5	0	0	0
2009-04-23	6	0	0	0
2009-04-23	7	0	0	0
2009-04-23	8	43	721420288	16777216
2009-04-23	9	5	41943040	8388608
2009-04-23	10	34	142606336	4194304
2009-04-23	11	88	184549376	2097152
2009-04-23	12	185	193986560	1048576
2009-04-23	13	381	199753728	524288
2009-04-23	14	760	199229440	262144
2009-04-23	15	1133	148504576	131072
2009-04-23	16	10478	686686208	65536
2009-04-23	17	2288	74973184	32768
2009-04-23	18	3850	63078400	16384
2009-04-23	19	8960	73400320	8192
2009-04-23	20	8985	36802560	4096
2009-04-23	21	6174	12644352	2048
2009-04-23	22	7063	7232512	1024
2009-04-23	23	7829	4008448	512
2009-04-23	24	40139	10275584	256
2009-04-23	25	98	12544	128
2009-04-23	26	72	4608	64
2009-04-23	27	64	2048	32
2009-04-23	28	21	336	16
2009-04-23	29	13	104	8
2009-04-23	30	0	0	0
2009-04-23	31	0	0	0
2009-04-23	32	0	0	0

